FORPRINT: Sun Feb 15 17:15:04 2015
      1.0011519      0.0000000
      1.0034598      0.0000000
      1.0057731      0.0000000
      1.0080916      0.0000000
      1.0104156      0.0000000
      1.0127448      0.0000000
      1.0150794      0.0000000
      1.0174193      0.0000000
      1.0197648      0.0000000
      1.0221156      0.0000000
      1.0244718      0.0000000
      1.0268334      0.0000000
      1.0292006      0.0000000
      1.0315731      0.0000000
      1.0339510      0.0000000
      1.0363346      0.0000000
      1.0387236      0.0000000
      1.0411181      0.0000000
      1.0435182      0.0000000
      1.0459237      0.0000000
      1.0483348      0.0000000
      1.0507514      0.0000000
      1.0531737      0.0000000
      1.0556015      0.0000000
      1.0580349      0.0000000
      1.0604739      0.0000000
      1.0629185      0.0000000
      1.0653689      0.0000000
      1.0678248      0.0000000
      1.0702864      0.0000000
      1.0727537      0.0000000
      1.0752265      0.0000000
      1.0777053      0.0000000
      1.0801896      0.0000000
      1.0826797      0.0000000
      1.0851755      0.0000000
      1.0876771      0.0000000
      1.0901845      0.0000000
      1.0926976      0.0000000
      1.0952165      0.0000000
      1.0977412      0.0000000
      1.1002718      0.0000000
      1.1028082      0.0000000
      1.1053505      0.0000000
      1.1078986      0.0000000
      1.1104525      0.0000000
      1.1130124      0.0000000
      1.1155782      0.0000000
      1.1181499      0.0000000
      1.1207274      0.0000000
      1.1233109      0.0000000
      1.1259005      0.0000000
      1.1284959      0.0000000
      1.1310974      0.0000000
      1.1337049      0.0000000
      1.1363183      0.0000000
      1.1389378      0.0000000
      1.1415633      0.0000000
      1.1441948      0.0000000
      1.1468326      0.0000000
      1.1494763      0.0000000
      1.1521261      0.0000000
      1.1547819      0.0000000
      1.1574440      0.0000000
      1.1601123      0.0000000
      1.1627866      0.0000000
      1.1654670      0.0000000
      1.1681538      0.0000000
      1.1708466      0.0000000
      1.1735457      0.0000000
      1.1762509      0.0000000
      1.1789626      0.0000000
      1.1816803      0.0000000
      1.1844044      0.0000000
      1.1871347      0.0000000
      1.1898713      0.0000000
      1.1926143      0.0000000
      1.1953635      0.0000000
      1.1981192      0.0000000
      1.2008811      0.0000000
      1.2036494      0.0000000
      1.2064241      0.0000000
      1.2092052      0.0000000
      1.2119927      0.0000000
      1.2147866      0.0000000
      1.2175870      0.0000000
      1.2203938      0.0000000
      1.2232071      0.0000000
      1.2260269      0.0000000
      1.2288532      0.0000000
      1.2316860      0.0000000
      1.2345253      0.0000000
      1.2373712      0.0000000
      1.2402236      0.0000000
      1.2430826      0.0000000
      1.2459483      0.0000000
      1.2488204      0.0000000
      1.2516993      0.0000000
      1.2545848      0.0000000
      1.2574769      0.0000000
      1.2603756      0.0000000
      1.2632811      0.0000000
      1.2661933      0.0000000
      1.2691121      0.0000000
      1.2720377      0.0000000
      1.2749702      0.0000000
      1.2779093      0.0000000
      1.2808552      0.0000000
      1.2838078      0.0000000
      1.2867672      0.0000000
      1.2897335      0.0000000
      1.2927067      0.0000000
      1.2956867      0.0000000
      1.2986736      0.0000000
      1.3016673      0.0000000
      1.3046679      0.0000000
      1.3076756      0.0000000
      1.3106900      0.0000000
      1.3137115      0.0000000
      1.3167399      0.0000000
      1.3197753      0.0000000
      1.3228177      0.0000000
      1.3258672      0.0000000
      1.3289236      0.0000000
      1.3319870      0.0000000
      1.3350576      0.0000000
      1.3381352      0.0000000
      1.3412199      0.0000000
      1.3443117      0.0000000
      1.3474107      0.0000000
      1.3505168      0.0000000
      1.3536301      0.0000000
      1.3567505      0.0000000
      1.3598782      0.0000000
      1.3630130      0.0000000
      1.3661550      0.0000000
      1.3693044      0.0000000
      1.3724610      0.0000000
      1.3756248      0.0000000
      1.3787960      0.0000000
      1.3819743      0.0000000
      1.3851602      0.0000000
      1.3883533      0.0000000
      1.3915538      0.0000000
      1.3947617      0.0000000
      1.3979769      0.0000000
      1.4011996      0.0000000
      1.4044297      0.0000000
      1.4076672      0.0000000
      1.4109123      0.0000000
      1.4141648      0.0000000
      1.4174247      0.0000000
      1.4206922      0.0000000
      1.4239672      0.0000000
      1.4272499      0.0000000
      1.4305400      0.0000000
      1.4338377      0.0000000
      1.4371431      0.0000000
      1.4404560      0.0000000
      1.4437766      0.0000000
      1.4471048      0.0000000
      1.4504408      0.0000000
      1.4537843      0.0000000
      1.4571357      0.0000000
      1.4604948      0.0000000
      1.4638616      0.0000000
      1.4672360      0.0000000
      1.4706185      0.0000000
      1.4740086      0.0000000
      1.4774065      0.0000000
      1.4808122      0.0000000
      1.4842259      0.0000000
      1.4876474      0.0000000
      1.4910767      0.0000000
      1.4945141      0.0000000
      1.4979593      0.0000000
      1.5014124      0.0000000
      1.5048735      0.0000000
      1.5083426      0.0000000
      1.5118197      0.0000000
      1.5153048      0.0000000
      1.5187980      0.0000000
      1.5222992      0.0000000
      1.5258085      0.0000000
      1.5293257      0.0000000
      1.5328512      0.0000000
      1.5363848      0.0000000
      1.5399265      0.0000000
      1.5434765      0.0000000
      1.5470345      0.0000000
      1.5506008      0.0000000
      1.5541754      0.0000000
      1.5577580      0.0000000
      1.5613490      0.0000000
      1.5649483      0.0000000
      1.5685560      0.0000000
      1.5721718      0.0000000
      1.5757960      0.0000000
      1.5794287      0.0000000
      1.5830696      0.0000000
      1.5867189      0.0000000
      1.5903767      0.0000000
      1.5940429      0.0000000
      1.5977175      0.0000000
      1.6014006      0.0000000
      1.6050923      0.0000000
      1.6087924      0.0000000
      1.6125010      0.0000000
      1.6162182      0.0000000
      1.6199440      0.0000000
      1.6236783      0.0000000
      1.6274214      0.0000000
      1.6311729      0.0000000
      1.6349332      0.0000000
      1.6387022      0.0000000
      1.6424797      0.0000000
      1.6462660      0.0000000
      1.6500610      0.0000000
      1.6538647      0.0000000
      1.6576774      0.0000000
      1.6614987      0.0000000
      1.6653289      0.0000000
      1.6691679      0.0000000
      1.6730156      0.0000000
      1.6768724      0.0000000
      1.6807380      0.0000000
      1.6846124      0.0000000
      1.6884959      0.0000000
      1.6923883      0.0000000
      1.6962897      0.0000000
      1.7002000      0.0000000
      1.7041193      0.0000000
      1.7080477      0.0000000
      1.7119852      0.0000000
      1.7159318      0.0000000
      1.7198874      0.0000000
      1.7238522      0.0000000
      1.7278260      0.0000000
      1.7318090      0.0000000
      1.7358012      0.0000000
      1.7398027      0.0000000
      1.7438134      0.0000000
      1.7478333      0.0000000
      1.7518625      0.0000000
      1.7559010      0.0000000
      1.7599486      0.0000000
      1.7640058      0.0000000
      1.7680722      0.0000000
      1.7721480      0.0000000
      1.7762333      0.0000000
      1.7803279      0.0000000
      1.7844321      0.0000000
      1.7885455      0.0000000
      1.7926686      0.0000000
      1.7968011      0.0000000
      1.8009433      0.0000000
      1.8050947      0.0000000
      1.8092558      0.0000000
      1.8134267      0.0000000
      1.8176070      0.0000000
      1.8217971      0.0000000
      1.8259968      0.0000000
      1.8302062      0.0000000
      1.8344252      0.0000000
      1.8386539      0.0000000
      1.8428925      0.0000000
      1.8471408      0.0000000
      1.8513989      0.0000000
      1.8556668      0.0000000
      1.8599446      0.0000000
      1.8642322      0.0000000
      1.8685298      0.0000000
      1.8728371      0.0000000
      1.8771544      0.0000000
      1.8814818      0.0000000
      1.8858190      0.0000000
      1.8901663      0.0000000
      1.8945235      0.0000000
      1.8988910      0.0000000
      1.9032682      0.0000000
      1.9076557      0.0000000
      1.9120533      0.0000000
      1.9164611      0.0000000
      1.9208790      0.0000000
      1.9253070      0.0000000
      1.9297454      0.0000000
      1.9341938      0.0000000
      1.9386526      0.0000000
      1.9431218      0.0000000
      1.9476011      0.0000000
      1.9520909      0.0000000
      1.9565908      0.0000000
      1.9611013      0.0000000
      1.9656221      0.0000000
      1.9701532      0.0000000
      1.9746950      0.0000000
      1.9792470      0.0000000
      1.9838097      0.0000000
      1.9883828      0.0000000
      1.9929665      0.0000000
      1.9975607      0.0000000
      2.0021658      0.0000000
      2.0067811      0.0000000
      2.0114071      0.0000000
      2.0160441      0.0000000
      2.0206914      0.0000000
      2.0253496      0.0000000
      2.0300186      0.0000000
      2.0346982      0.0000000
      2.0393887      0.0000000
      2.0440900      0.0000000
      2.0488021      0.0000000
      2.0535250      0.0000000
      2.0582590      0.0000000
      2.0630038      0.0000000
      2.0677595      0.0000000
      2.0725262      0.0000000
      2.0773036      0.0000000
      2.0820925      0.0000000
      2.0868921      0.0000000
      2.0917029      0.0000000
      2.0965247      0.0000000
      2.1013579      0.0000000
      2.1062019      0.0000000
      2.1110573      0.0000000
      2.1159236      0.0000000
      2.1208014      0.0000000
      2.1256905      0.0000000
      2.1305907      0.0000000
      2.1355021      0.0000000
      2.1404250      0.0000000
      2.1453593      0.0000000
      2.1503048      0.0000000
      2.1552615      0.0000000
      2.1602302      0.0000000
      2.1652098      0.0000000
      2.1702013      0.0000000
      2.1752040      0.0000000
      2.1802185      0.0000000
      2.1852443      0.0000000
      2.1902819      0.0000000
      2.1953311      0.0000000
      2.2003918      0.0000000
      2.2054641      0.0000000
      2.2105484      0.0000000
      2.2156441      0.0000000
      2.2207518      0.0000000
      2.2258711      0.0000000
      2.2310023      0.0000000
      2.2361453      0.0000000
      2.2413001      0.0000000
      2.2464669      0.0000000
      2.2516456      0.0000000
      2.2568359      0.0000000
      2.2620385      0.0000000
      2.2672532      0.0000000
      2.2724795      0.0000000
      2.2777183      0.0000000
      2.2829690      0.0000000
      2.2882318      0.0000000
      2.2935066      0.0000000
      2.2987938      0.0000000
      2.3040931      0.0000000
      2.3094044      0.0000000
      2.3147283      0.0000000
      2.3200643      0.0000000
      2.3254125      0.0000000
      2.3307731      0.0000000
      2.3361461      0.0000000
      2.3415315      0.0000000
      2.3469293      0.0000000
      2.3523395      0.0000000
      2.3577621      0.0000000
      2.3631976      0.0000000
      2.3686452      0.0000000
      2.3741055      0.0000000
      2.3795784      0.0000000
      2.3850639      0.0000000
      2.3905621      0.0000000
      2.3960729      0.0000000
      2.4015963      0.0000000
      2.4071326      0.0000000
      2.4126816      0.0000000
      2.4182434      0.0000000
      2.4238179      0.0000000
      2.4294055      0.0000000
      2.4350059      0.0000000
      2.4406192      0.0000000
      2.4462452      0.0000000
      2.4518845      0.0000000
      2.4575367      0.0000000
      2.4632020      0.0000000
      2.4688802      0.0000000
      2.4745715      0.0000000
      2.4802761      0.0000000
      2.4859936      0.0000000
      2.4917245      0.0000000
      2.4974685      0.0000000
      2.5032258      0.0000000
      2.5089962      0.0000000
      2.5147800      0.0000000
      2.5205772      0.0000000
      2.5263877      0.0000000
      2.5322118      0.0000000
      2.5380490      0.0000000
      2.5439000      0.0000000
      2.5497642      0.0000000
      2.5556419      0.0000000
      2.5615335      0.0000000
      2.5674381      0.0000000
      2.5733569      0.0000000
      2.5792890      0.0000000
      2.5852349      0.0000000
      2.5911944      0.0000000
      2.5971680      0.0000000
      2.6031549      0.0000000
      2.6091557      0.0000000
      2.6151705      0.0000000
      2.6211991      0.0000000
      2.6272416      0.0000000
      2.6332979      0.0000000
      2.6393685      0.0000000
      2.6454527      0.0000000
      2.6515510      0.0000000
      2.6576636      0.0000000
      2.6637902      0.0000000
      2.6699309      0.0000000
      2.6760857      0.0000000
      2.6822548      0.0000000
      2.6884379      0.0000000
      2.6946354      0.0000000
      2.7008471      0.0000000
      2.7070732      0.0000000
      2.7133138      0.0000000
      2.7195685      0.0000000
      2.7258379      0.0000000
      2.7321215      0.0000000
      2.7384195      0.0000000
      2.7447324      0.0000000
      2.7510595      0.0000000
      2.7574015      0.0000000
      2.7637579      0.0000000
      2.7701292      0.0000000
      2.7765150      0.0000000
      2.7829156      0.0000000
      2.7893307      0.0000000
      2.7957606      0.0000000
      2.8022058      0.0000000
      2.8086655      0.0000000
      2.8151402      0.0000000
      2.8216298      0.0000000
      2.8281343      0.0000000
      2.8346536      0.0000000
      2.8411882      0.0000000
      2.8477380      0.0000000
      2.8543026      0.0000000
      2.8608825      0.0000000
      2.8674774      0.0000000
      2.8740878      0.0000000
      2.8807132      0.0000000
      2.8873539      0.0000000
      2.8940098      0.0000000
      2.9006813      0.0000000
      2.9073682      0.0000000
      2.9140701      0.0000000
      2.9207880      0.0000000
      2.9275210      0.0000000
      2.9342694      0.0000000
      2.9410338      0.0000000
      2.9478135      0.0000000
      2.9546092      0.0000000
      2.9614201      0.0000000
      2.9682469      0.0000000
      2.9750893      0.0000000
      2.9819477      0.0000000
      2.9888217      0.0000000
      2.9957116      0.0000000
      3.0026176      0.0000000
      3.0095391      0.0000000
      3.0164771      0.0000000
      3.0234306      0.0000000
      3.0304005      0.0000000
      3.0373862      0.0000000
      3.0443881      0.0000000
      3.0514061      0.0000000
      3.0584402      0.0000000
      3.0654910      0.0000000
      3.0725574      0.0000000
      3.0796406      0.0000000
      3.0867398      0.0000000
      3.0938554      0.0000000
      3.1009874      0.0000000
      3.1081359      0.0000000
      3.1153011      0.0000000
      3.1224825      0.0000000
      3.1296806      0.0000000
      3.1368952      0.0000000
      3.1441264      0.0000000
      3.1513746      0.0000000
      3.1586392      0.0000000
      3.1659207      0.0000000
      3.1732192      0.0000000
      3.1805341      0.0000000
      3.1878660      0.0000000
      3.1952145      0.0000000
      3.2025802      0.0000000
      3.2099633      0.0000000
      3.2173629      0.0000000
      3.2247796      0.0000000
      3.2322135      0.0000000
      3.2396648      0.0000000
      3.2471328      0.0000000
      3.2546182      0.0000000
      3.2621207      0.0000000
      3.2696407      0.0000000
      3.2771783      0.0000000
      3.2847328      0.0000000
      3.2923048      0.0000000
      3.2998943      0.0000000
      3.3075018      0.0000000
      3.3151262      0.0000000
      3.3227682      0.0000000
      3.3304279      0.0000000
      3.3381052      0.0000000
      3.3458006      0.0000000
      3.3535135      0.0000000
      3.3612440      0.0000000
      3.3689923      0.0000000
      3.3767586      0.0000000
      3.3845432      0.0000000
      3.3923454      0.0000000
      3.4001653      0.0000000
      3.4080036      0.0000000
      3.4158602      0.0000000
      3.4237344      0.0000000
      3.4316268      0.0000000
      3.4395373      0.0000000
      3.4474664      0.0000000
      3.4554138      0.0000000
      3.4633794      0.0000000
      3.4713631      0.0000000
      3.4793653      0.0000000
      3.4873865      0.0000000
      3.4954257      0.0000000
      3.5034833      0.0000000
      3.5115595      0.0000000
      3.5196545      0.0000000
      3.5277684      0.0000000
      3.5359006      0.0000000
      3.5440516      0.0000000
      3.5522215      0.0000000
      3.5604100      0.0000000
      3.5686181      0.0000000
      3.5768445      0.0000000
      3.5850899      0.0000000
      3.5933542      0.0000000
      3.6016381      0.0000000
      3.6099408      0.0000000
      3.6182623      0.0000000
      3.6266031      0.0000000
      3.6349633      0.0000000
      3.6433432      0.0000000
      3.6517417      0.0000000
      3.6601598      0.0000000
      3.6685972      0.0000000
      3.6770542      0.0000000
      3.6855309      0.0000000
      3.6940269      0.0000000
      3.7025423      0.0000000
      3.7110775      0.0000000
      3.7196329      0.0000000
      3.7282073      0.0000000
      3.7368016      0.0000000
      3.7454157      0.0000000
      3.7540498      0.0000000
      3.7627041      0.0000000
      3.7713780      0.0000000
      3.7800717      0.0000000
      3.7887857      0.0000000
      3.7975202      0.0000000
      3.8062742      0.0000000
      3.8150485      0.0000000
      3.8238430      0.0000000
      3.8326576      0.0000000
      3.8414934      0.0000000
      3.8503487      0.0000000
      3.8592246      0.0000000
      3.8681209      0.0000000
      3.8770378      0.0000000
      3.8859756      0.0000000
      3.8949337      0.0000000
      3.9039123      0.0000000
      3.9129117      0.0000000
      3.9219322      0.0000000
      3.9309731      0.0000000
      3.9400349      0.0000000
      3.9491174      0.0000000
      3.9582210      0.0000000
      3.9673460      0.0000000
      3.9764915      0.0000000
      3.9856582      0.0000000
      3.9948459      0.0000000
      4.0040555      0.0000000
      4.0132856      0.0000000
      4.0225372      0.0003789
      4.0318098      0.0004391
      4.0411038      0.0004928
      4.0504203      0.0005400
      4.0597572      0.0005807
      4.0691156      0.0006147
      4.0784960      0.0006421
      4.0878978      0.0006628
      4.0973220      0.0006768
      4.1067672      0.0007340
      4.1162338      0.0007485
      4.1257229      0.0007494
      4.1352339      0.0007366
      4.1447663      0.0006082
      4.1543212      0.0005747
      4.1638975      0.0005460
      4.1734962      0.0005222
      4.1831174      0.0005178
      4.1927605      0.0005045
      4.2024260      0.0004936
      4.2121134      0.0004849
      4.2218232      0.0004788
      4.2315559      0.0004728
      4.2413106      0.0004691
      4.2510877      0.0004676
      4.2608871      0.0004804
      4.2707100      0.0004830
      4.2805548      0.0004855
      4.2904224      0.0004879
      4.3003125      0.0004896
      4.3102260      0.0004919
      4.3201623      0.0004942
      4.3301215      0.0004964
      4.3401031      0.0004987
      4.3501081      0.0005009
      4.3601365      0.0005031
      4.3701873      0.0005053
      4.3802619      0.0005075
      4.3903589      0.0005098
      4.4004798      0.0005121
      4.4106245      0.0005145
      4.4207916      0.0005171
      4.4309826      0.0005193
      4.4411969      0.0005214
      4.4514351      0.0005234
      4.4616971      0.0005263
      4.4719820      0.0005282
      4.4822907      0.0005298
      4.4926238      0.0005312
      4.5029807      0.0005320
      4.5133610      0.0005329
      4.5237651      0.0005336
      4.5341935      0.0005341
      4.5446458      0.0005338
      4.5551229      0.0005340
      4.5656233      0.0005342
      4.5761480      0.0005342
      4.5866966      0.0005348
      4.5972710      0.0005344
      4.6078687      0.0005339
      4.6184907      0.0005332
      4.6291370      0.0005321
      4.6398082      0.0005312
      4.6505046      0.0005302
      4.6612248      0.0005284
      4.6719699      0.0005270
      4.6827397      0.0005256
      4.6935349      0.0005242
      4.7043548      0.0005226
      4.7151995      0.0005214
      4.7260690      0.0005202
      4.7369633      0.0005192
      4.7478838      0.0005186
      4.7588286      0.0005173
      4.7697988      0.0005159
      4.7807941      0.0005147
      4.7918148      0.0005134
      4.8028617      0.0005119
      4.8139334      0.0005102
      4.8250303      0.0005075
      4.8361530      0.0005056
      4.8473020      0.0005037
      4.8584762      0.0005020
      4.8696761      0.0005006
      4.8809013      0.0004990
      4.8921533      0.0004973
      4.9034309      0.0004936
      4.9147344      0.0004925
      4.9260640      0.0004921
      4.9374199      0.0004921
      4.9488015      0.0004778
      4.9602103      0.0004862
      4.9716444      0.0005000
      4.9831052      0.0005413
      4.9945922      0.0005555
      5.0061064      0.0005684
      5.0176468      0.0005802
      5.0292134      0.0006150
      5.0408068      0.0006218
      5.0524268      0.0006213
      5.0640745      0.0005728
      5.0757480      0.0005681
      5.0874486      0.0005677
      5.0991764      0.0005717
      5.1109309      0.0005653
      5.1227136      0.0005800
      5.1345224      0.0006030
      5.1463585      0.0006380
      5.1582222      0.0006788
      5.1701136      0.0007273
      5.1820316      0.0007976
      5.1939774      0.0008555
      5.2059507      0.0009169
      5.2179513      0.0009817
      5.2299805      0.0011070
      5.2420368      0.0011505
      5.2541208      0.0011776
      5.2662325      0.0011495
      5.2783732      0.0011716
      5.2905407      0.0011916
      5.3027368      0.0012048
      5.3149605      0.0012025
      5.3272128      0.0011982
      5.3394938      0.0011920
      5.3518023      0.0012210
      5.3641396      0.0012145
      5.3765049      0.0011976
      5.3888988      0.0011114
      5.4013219      0.0010898
      5.4137731      0.0010767
      5.4262533      0.0010165
      5.4387617      0.0010482
      5.4513001      0.0011089
      5.4638662      0.0012967
      5.4764619      0.0013622
      5.4890862      0.0014217
      5.5017395      0.0015602
      5.5144229      0.0016180
      5.5271349      0.0016421
      5.5398760      0.0016324
      5.5526466      0.0014436
      5.5654473      0.0014518
      5.5782771      0.0014847
      5.5911360      0.0015588
      5.6040249      0.0016009
      5.6169434      0.0016542
      5.6298923      0.0018403
      5.6428704      0.0018733
      5.6558785      0.0018734
      5.6689162      0.0017775
      5.6819844      0.0017524
      5.6950831      0.0017210
      5.7082114      0.0016284
      5.7213702      0.0015928
      5.7345591      0.0015691
      5.7477794      0.0016378
      5.7610292      0.0016000
      5.7743096      0.0015421
      5.7876205      0.0014260
      5.8009620      0.0013666
      5.8143353      0.0013060
      5.8277388      0.0011613
      5.8411727      0.0011141
      5.8546381      0.0010952
      5.8681340      0.0011901
      5.8816624      0.0011861
      5.8952208      0.0011752
      5.9088101      0.0011154
      5.9224315      0.0011382
      5.9360847      0.0011775
      5.9497685      0.0011970
      5.9634838      0.0012537
      5.9772310      0.0013354
      5.9910097      0.0015435
      6.0048213      0.0016318
      6.0186634      0.0017029
      6.0325379      0.0017176
      6.0464439      0.0017927
      6.0603833      0.0017431
      6.0743537      0.0018571
      6.0883565      0.0020290
      6.1023912      0.0021342
      6.1164584      0.0024561
      6.1305590      0.0028892
      6.1446915      0.0037402
      6.1588559      0.0042308
      6.1730537      0.0046958
      6.1872835      0.0055215
      6.2015476      0.0058160
      6.2158432      0.0059205
      6.2301722      0.0056553
      6.2445340      0.0055164
      6.2589297      0.0052789
      6.2733579      0.0047207
      6.2878194      0.0044137
      6.3023143      0.0040910
      6.3168421      0.0038012
      6.3314047      0.0035286
      6.3460002      0.0032199
      6.3606291      0.0030147
      6.3752913      0.0028536
      6.3899889      0.0027397
      6.4047189      0.0026415
      6.4194832      0.0025808
      6.4342813      0.0026427
      6.4491138      0.0026000
      6.4639812      0.0025380
      6.4788818      0.0024929
      6.4938173      0.0024475
      6.5087867      0.0023434
      6.5237908      0.0023299
      6.5388303      0.0023462
      6.5539041      0.0023921
      6.5690122      0.0024525
      6.5841551      0.0026175
      6.5993338      0.0026997
      6.6145463      0.0027689
      6.6297946      0.0028562
      6.6450777      0.0028886
      6.6603956      0.0028751
      6.6757503      0.0028562
      6.6911392      0.0028178
      6.7065639      0.0027055
      6.7220240      0.0026601
      6.7375202      0.0026245
      6.7530518      0.0025653
      6.7686191      0.0025620
      6.7842221      0.0026008
      6.7998610      0.0026463
      6.8155370      0.0027103
      6.8312483      0.0028135
      6.8469958      0.0028934
      6.8627796      0.0030423
      6.8785996      0.0031081
      6.8944573      0.0031446
      6.9103503      0.0029945
      6.9262800      0.0031321
      6.9422469      0.0035127
      6.9582510      0.0036595
      6.9742913      0.0037904
      6.9903684      0.0041815
      7.0064826      0.0042001
      7.0226340      0.0037175
      7.0388236      0.0035550
      7.0550494      0.0034273
      7.0713129      0.0032571
      7.0876141      0.0031918
      7.1039524      0.0033295
      7.1203294      0.0033577
      7.1367431      0.0033763
      7.1531949      0.0033901
      7.1696844      0.0033849
      7.1862130      0.0033060
      7.2027788      0.0033186
      7.2193828      0.0033566
      7.2360249      0.0033787
      7.2527056      0.0034851
      7.2694254      0.0036823
      7.2861829      0.0038590
      7.3029790      0.0040587
      7.3198142      0.0042813
      7.3366885      0.0045252
      7.3536015      0.0047717
      7.3705530      0.0050768
      7.3875437      0.0054332
      7.4045734      0.0057927
      7.4216433      0.0062333
      7.4387517      0.0066220
      7.4558997      0.0070006
      7.4730873      0.0073658
      7.4903140      0.0077426
      7.5075822      0.0080970
      7.5248885      0.0084701
      7.5422349      0.0089304
      7.5596213      0.0092819
      7.5770488      0.0095906
      7.5945158      0.0099210
      7.6120224      0.0100849
      7.6295700      0.0101172
      7.6471577      0.0101410
      7.6647868      0.0099973
      7.6824560      0.0099480
      7.7001657      0.0098686
      7.7179160      0.0098418
      7.7357082      0.0098485
      7.7535410      0.0099451
      7.7714143      0.0099412
      7.7893291      0.0099764
      7.8072853      0.0099093
      7.8252835      0.0097553
      7.8433228      0.0095864
      7.8614030      0.0093470
      7.8795252      0.0091161
      7.8976893      0.0088683
      7.9158959      0.0085728
      7.9341440      0.0083292
      7.9524336      0.0080962
      7.9707656      0.0078670
      7.9891410      0.0076938
      8.0075579      0.0074444
      8.0260172      0.0071409
      8.0445185      0.0068692
      8.0630627      0.0065086
      8.0816507      0.0062597
      8.1002808      0.0060870
      8.1189537      0.0059313
      8.1376696      0.0058160
      8.1564293      0.0057970
      8.1752319      0.0056871
      8.1940775      0.0055566
      8.2129669      0.0054488
      8.2318993      0.0053020
      8.2508764      0.0052127
      8.2698965      0.0051795
      8.2889605      0.0051213
      8.3080683      0.0050569
      8.3272200      0.0050213
      8.3464174      0.0049911
      8.3656578      0.0049792
      8.3849421      0.0050079
      8.4042711      0.0050233
      8.4236460      0.0050279
      8.4430637      0.0050564
      8.4625273      0.0050889
      8.4820347      0.0051420
      8.5015879      0.0052428
      8.5211868      0.0053166
      8.5408297      0.0054386
      8.5605183      0.0054774
      8.5802517      0.0054820
      8.6000319      0.0054251
      8.6198578      0.0053071
      8.6397276      0.0051088
      8.6596441      0.0049060
      8.6796064      0.0046483
      8.6996164      0.0044127
      8.7196703      0.0041539
      8.7397709      0.0039187
      8.7599182      0.0036878
      8.7801113      0.0034565
      8.8003531      0.0032480
      8.8206396      0.0030482
      8.8409729      0.0028730
      8.8613529      0.0027091
      8.8817816      0.0025869
      8.9022560      0.0025076
      8.9227781      0.0024385
      8.9433470      0.0024447
      8.9639626      0.0023905
      8.9846277      0.0023125
      9.0053396      0.0022232
      9.0260983      0.0020680
      9.0469055      0.0019653
      9.0677605      0.0018740
      9.0886650      0.0018125
      9.1096163      0.0017989
      9.1306152      0.0017665
      9.1516638      0.0017566
      9.1727610      0.0017150
      9.1939068      0.0016507
      9.2151003      0.0015955
      9.2363434      0.0015218
      9.2576351      0.0014808
      9.2789764      0.0014560
      9.3003664      0.0014382
      9.3218060      0.0014239
      9.3432951      0.0014070
      9.3648348      0.0014024
      9.3864222      0.0014126
      9.4080601      0.0014205
      9.4297476      0.0014449
      9.4514847      0.0014449
      9.4732742      0.0014359
      9.4951115      0.0014148
      9.5170002      0.0013596
      9.5389385      0.0013611
      9.5609283      0.0013645
      9.5829687      0.0014915
      9.6050596      0.0015933
      9.6272011      0.0017577
      9.6493940      0.0018400
      9.6716394      0.0019105
      9.6939344      0.0018498
      9.7162809      0.0016660
      9.7386789      0.0015381
      9.7611284      0.0013261
      9.7836313      0.0013004
      9.8061848      0.0012631
      9.8287907      0.0012615
      9.8514481      0.0012412
      9.8741570      0.0012133
      9.8969202      0.0011900
      9.9197350      0.0011630
      9.9426022      0.0011289
      9.9655218      0.0011293
      9.9884958      0.0011595
     10.0115185      0.0011846
     10.0345984      0.0012429
     10.0577316      0.0012621
     10.0809155      0.0012551
     10.1041555      0.0012416
     10.1274462      0.0012360
     10.1507940      0.0012346
     10.1741953      0.0012376
     10.1976471      0.0012449
     10.2211561      0.0012601
     10.2447166      0.0012735
     10.2683344      0.0012905
     10.2920065      0.0013112
     10.3157301      0.0013058
     10.3395119      0.0013456
     10.3633480      0.0013956
     10.3872356      0.0014560
     10.4111824      0.0015892
     10.4351807      0.0016447
     10.4592371      0.0016972
     10.4833498      0.0017466
     10.5075140      0.0018350
     10.5317373      0.0018876
     10.5560141      0.0019297
     10.5803499      0.0019612
     10.6047411      0.0019193
     10.6291857      0.0019306
     10.6536894      0.0019434
     10.6782465      0.0019578
     10.7028637      0.0019470
     10.7275381      0.0019725
     10.7522659      0.0020051
     10.7770529      0.0020448
     10.8018951      0.0020272
     10.8267975      0.0020875
     10.8517570      0.0021686
     10.8767710      0.0022705
     10.9018459      0.0024254
     10.9269781      0.0025590
     10.9521656      0.0027070
     10.9774141      0.0028695
     11.0027180      0.0025997
     11.0280828      0.0028980
     11.0535059      0.0033086
     11.0789852      0.0038324
     11.1045265      0.0049849
     11.1301231      0.0055248
     11.1557817      0.0060614
     11.1814995      0.0065946
     11.2072744      0.0080690
     11.2331104      0.0085355
     11.2590036      0.0087920
     11.2849598      0.0088371
     11.3109751      0.0080359
     11.3370476      0.0078280
     11.3631840      0.0075551
     11.3893766      0.0072170
     11.4156332      0.0062477
     11.4419498      0.0058740
     11.4683247      0.0055638
     11.4947634      0.0053176
     11.5212622      0.0052353
     11.5478201      0.0050668
     11.5744419      0.0049351
     11.6011219      0.0049287
     11.6278658      0.0048777
     11.6546726      0.0048433
     11.6815376      0.0048256
     11.7084675      0.0047884
     11.7354565      0.0048045
     11.7625103      0.0048461
     11.7896271      0.0049134
     11.8168030      0.0050165
     11.8440447      0.0051365
     11.8713465      0.0052806
     11.8987141      0.0054491
     11.9261446      0.0057430
     11.9536352      0.0058993
     11.9811926      0.0060477
     12.0088100      0.0062018
     12.0364943      0.0063585
     12.0642424      0.0065057
     12.0920515      0.0066433
     12.1199274      0.0065883
     12.1478682      0.0067589
     12.1758699      0.0069694
     12.2039394      0.0074259
     12.2320709      0.0076518
     12.2602701      0.0078626
     12.2885342      0.0080583
     12.3168602      0.0082413
     12.3452539      0.0084681
     12.3737106      0.0086876
     12.4022369      0.0087530
     12.4308281      0.0089382
     12.4594822      0.0091552
     12.4882059      0.0094044
     12.5169916      0.0097444
     12.5458479      0.0100690
     12.5747700      0.0104135
     12.6037560      0.0098718
     12.6328125      0.0104875
     12.6619320      0.0113829
     12.6911221      0.0125602
     12.7203789      0.0159261
     12.7497005      0.0164854
     12.7790928      0.0166578
     12.8085499      0.0167444
     12.8380775      0.0167120
     12.8676739      0.0162480
     12.8973351      0.0153495
     12.9270678      0.0114757
     12.9568691      0.0104055
     12.9867353      0.0096451
     13.0166750      0.0098484
     13.0466785      0.0095340
     13.0767555      0.0093348
     13.1069021      0.0095616
     13.1371145      0.0095308
     13.1674004      0.0095224
     13.1977520      0.0095366
     13.2281771      0.0096716
     13.2586727      0.0097078
     13.2892351      0.0097376
     13.3198719      0.0097323
     13.3505745      0.0097540
     13.3813524      0.0097778
     13.4122009      0.0097944
     13.4431171      0.0098298
     13.4741087      0.0098711
     13.5051670      0.0100088
     13.5363007      0.0100273
     13.5675068      0.0100215
     13.5987806      0.0099913
     13.6301308      0.0099225
     13.6615534      0.0098968
     13.6930437      0.0098629
     13.7246113      0.0097058
     13.7562475      0.0096768
     13.7879601      0.0096752
     13.8197460      0.0097643
     13.8516016      0.0098003
     13.8835344      0.0098429
     13.9155369      0.0098732
     13.9476175      0.0099387
     13.9797716      0.0100180
     14.0119953      0.0101353
     14.0442982      0.0102261
     14.0766716      0.0103212
     14.1091232      0.0104576
     14.1416492      0.0105592
     14.1742468      0.0106528
     14.2069235      0.0107234
     14.2396708      0.0108026
     14.2724981      0.0108789
     14.3054018      0.0110404
     14.3383770      0.0110795
     14.3714314      0.0110826
     14.4045630      0.0109236
     14.4377661      0.0109191
     14.4710503      0.0109265
     14.5044069      0.0108848
     14.5378447      0.0108865
     14.5713596      0.0109211
     14.6049471      0.0111197
     14.6386166      0.0112119
     14.6723595      0.0112889
     14.7061844      0.0113202
     14.7400875      0.0113698
     14.7740650      0.0114155
     14.8081236      0.0114710
     14.8422575      0.0115046
     14.8764744      0.0115287
     14.9107695      0.0115893
     14.9451399      0.0115751
     14.9795933      0.0115322
     15.0141230      0.0113954
     15.0487356      0.0113395
     15.0834284      0.0112842
     15.1181965      0.0111597
     15.1530495      0.0111128
     15.1879826      0.0110923
     15.2229919      0.0111837
     15.2580862      0.0111741
     15.2932568      0.0111532
     15.3285131      0.0108915
     15.3638506      0.0110617
     15.3992653      0.0113497
     15.4347658      0.0118464
     15.4703445      0.0121039
     15.5060081      0.0129451
     15.5417557      0.0131465
     15.5775805      0.0131219
     15.6134920      0.0124518
     15.6494818      0.0121843
     15.6855593      0.0118808
     15.7217197      0.0112028
     15.7579603      0.0109258
     15.7942877      0.0107566
     15.8306942      0.0108623
     15.8671894      0.0107860
     15.9037685      0.0107945
     15.9404287      0.0107634
     15.9771767      0.0107242
     16.0140095      0.0106393
     16.0509224      0.0105878
     16.0879250      0.0105440
     16.1250095      0.0103834
     16.1621838      0.0104665
     16.1994419      0.0106310
     16.2367840      0.0108315
     16.2742157      0.0111165
     16.3117275      0.0117761
     16.3493328      0.0121247
     16.3870239      0.0124186
     16.4247971      0.0127535
     16.4626617      0.0129014
     16.5006084      0.0127438
     16.5386486      0.0127600
     16.5767765      0.0127724
     16.6149864      0.0127321
     16.6532898      0.0127088
     16.6916771      0.0126980
     16.7301559      0.0127528
     16.7687263      0.0127832
     16.8073788      0.0123414
     16.8461246      0.0125641
     16.8849621      0.0130263
     16.9238834      0.0141727
     16.9628983      0.0146042
     17.0019989      0.0155419
     17.0411949      0.0158619
     17.0804806      0.0158262
     17.1198521      0.0146700
     17.1593189      0.0143424
     17.1988716      0.0140782
     17.2385216      0.0137114
     17.2782631      0.0135527
     17.3180904      0.0137658
     17.3580151      0.0137661
     17.3980255      0.0137521
     17.4381351      0.0136799
     17.4783344      0.0136546
     17.5186234      0.0137434
     17.5590115      0.0136640
     17.5994854      0.0135279
     17.6400585      0.0132037
     17.6807251      0.0132210
     17.7214794      0.0133244
     17.7623348      0.0133766
     17.8032780      0.0137399
     17.8443203      0.0138903
     17.8854580      0.0139513
     17.9266853      0.0137651
     17.9680119      0.0137349
     18.0094337      0.0136808
     18.0509472      0.0136675
     18.0925617      0.0136731
     18.1342659      0.0136825
     18.1760712      0.0137402
     18.2179737      0.0138976
     18.2599678      0.0139592
     18.3020630      0.0139693
     18.3442497      0.0140395
     18.3865414      0.0141147
     18.4289284      0.0140795
     18.4714069      0.0142325
     18.5139904      0.0141630
     18.5566673      0.0146840
     18.5994473      0.0154836
     18.6423244      0.0169168
     18.6852970      0.0173424
     18.7283726      0.0180150
     18.7715435      0.0180712
     18.8148174      0.0167655
     18.8581924      0.0164068
     18.9016609      0.0163212
     18.9452362      0.0162511
     18.9889126      0.0163129
     19.0326824      0.0166715
     19.0765591      0.0169177
     19.1205330      0.0171799
     19.1646118      0.0174743
     19.2087936      0.0178682
     19.2530708      0.0182194
     19.2974548      0.0185679
     19.3419380      0.0189003
     19.3865280      0.0192648
     19.4312210      0.0196289
     19.4760113      0.0200219
     19.5209103      0.0204435
     19.5659065      0.0208675
     19.6110134      0.0213967
     19.6562233      0.0217823
     19.7015324      0.0221116
     19.7469501      0.0224155
     19.7924690      0.0226651
     19.8380966      0.0227470
     19.8838310      0.0230106
     19.9296646      0.0232753
     19.9756088      0.0236539
     20.0216599      0.0241442
     20.0678120      0.0246388
     20.1140747      0.0253182
     20.1604385      0.0258096
     20.2069149      0.0263198
     20.2535000      0.0266781
     20.3001862      0.0268225
     20.3469849      0.0269912
     20.3938847      0.0271155
     20.4409008      0.0270897
     20.4880238      0.0272772
     20.5352497      0.0274771
     20.5825920      0.0278244
     20.6300354      0.0283304
     20.6775951      0.0288306
     20.7252636      0.0295033
     20.7730370      0.0299974
     20.8209267      0.0305180
     20.8689194      0.0308882
     20.9170303      0.0310869
     20.9652500      0.0313006
     21.0135765      0.0313819
     21.0620213      0.0315576
     21.1105766      0.0316858
     21.1592369      0.0319406
     21.2080173      0.0322905
     21.2569027      0.0326825
     21.3059082      0.0332029
     21.3550243      0.0336931
     21.4042492      0.0342521
     21.4535942      0.0347403
     21.5030460      0.0351958
     21.5526180      0.0356274
     21.6023045      0.0359898
     21.6520996      0.0363656
     21.7020149      0.0367584
     21.7520390      0.0371091
     21.8021851      0.0374201
     21.8524475      0.0377433
     21.9028187      0.0379874
     21.9533119      0.0383210
     22.0039158      0.0387135
     22.0546417      0.0391307
     22.1054859      0.0396505
     22.1564407      0.0401195
     22.2075195      0.0406253
     22.2587147      0.0410431
     22.3100224      0.0413758
     22.3614559      0.0417171
     22.4130001      0.0419402
     22.4646702      0.0422876
     22.5164585      0.0426998
     22.5683613      0.0431362
     22.6203880      0.0436681
     22.6725292      0.0441642
     22.7247982      0.0446564
     22.7771873      0.0451597
     22.8296890      0.0456537
     22.8823204      0.0461884
     22.9350643      0.0467512
     22.9879379      0.0473120
     23.0409336      0.0478951
     23.0940437      0.0484810
     23.1472836      0.0490539
     23.2006397      0.0496754
     23.2541256      0.0503517
     23.3077354      0.0511240
     23.3614616      0.0518552
     23.4153175      0.0526217
     23.4692974      0.0533438
     23.5233955      0.0539644
     23.5776253      0.0547048
     23.6319733      0.0554718
     23.6864529      0.0563051
     23.7410583      0.0572474
     23.7957840      0.0581360
     23.8506413      0.0590285
     23.9056187      0.0599419
     23.9607296      0.0608652
     24.0159664      0.0618214
     24.0713253      0.0627707
     24.1268177      0.0636948
     24.1824322      0.0646798
     24.2381821      0.0656913
     24.2940578      0.0667349
     24.3500576      0.0678356
     24.4061928      0.0689018
     24.4624519      0.0699561
     24.5188465      0.0709873
     24.5753708      0.0720278
     24.6320190      0.0730522
     24.6888027      0.0741223
     24.7457123      0.0752166
     24.8027611      0.0763662
     24.8599396      0.0774455
     24.9172440      0.0784265
     24.9746857      0.0794946
     25.0322609      0.0804968
     25.0899620      0.0817202
     25.1478043      0.0831138
     25.2057705      0.0845905
     25.2638798      0.0859535
     25.3221207      0.0872724
     25.3804913      0.0884770
     25.4390011      0.0895695
     25.4976406      0.0906233
     25.5564213      0.0915928
     25.6153374      0.0925395
     25.6743832      0.0934299
     25.7335701      0.0941718
     25.7928886      0.0951338
     25.8523502      0.0960885
     25.9119492      0.0977275
     25.9716778      0.0991665
     26.0315514      0.1008076
     26.0915546      0.1021124
     26.1517048      0.1030880
     26.2119942      0.1043517
     26.2724152      0.1054527
     26.3329811      0.1065482
     26.3936882      0.1075126
     26.4545269      0.1081909
     26.5155144      0.1097399
     26.5766354      0.1110416
     26.6379032      0.1127260
     26.6993122      0.1136302
     26.7608566      0.1139667
     26.8225498      0.1143515
     26.8843765      0.1151634
     26.9463558      0.1163794
     27.0084763      0.1173011
     27.0707321      0.1182758
     27.1331406      0.1189910
     27.1956844      0.1201474
     27.2583790      0.1215956
     27.3212185      0.1232826
     27.3841972      0.1248304
     27.4473267      0.1264511
     27.5105953      0.1275746
     27.5740166      0.1288021
     27.6375828      0.1298299
     27.7012901      0.1313145
     27.7651520      0.1329589
     27.8291588      0.1348115
     27.8933067      0.1368273
     27.9576111      0.1389922
     28.0220547      0.1416258
     28.0866566      0.1438538
     28.1514053      0.1460688
     28.2162971      0.1475184
     28.2813454      0.1489306
     28.3465347      0.1500860
     28.4118843      0.1514020
     28.4773827      0.1527935
     28.5430260      0.1543334
     28.6088276      0.1556358
     28.6747723      0.1570054
     28.7408772      0.1582250
     28.8071346      0.1599714
     28.8735371      0.1617765
     28.9401016      0.1638772
     29.0068111      0.1657288
     29.0736809      0.1672882
     29.1407051      0.1684669
     29.2078781      0.1696335
     29.2752113      0.1712158
     29.3427010      0.1731804
     29.4103374      0.1755617
     29.4781399      0.1779704
     29.5460892      0.1806159
     29.6142025      0.1831181
     29.6824741      0.1847728
     29.7508926      0.1857347
     29.8194790      0.1859671
     29.8882160      0.1867817
     29.9571190      0.1878205
     30.0261803      0.1895166
     30.0953922      0.1920131
     30.1647720      0.1952419
     30.2343044      0.1986785
     30.3040047      0.2009421
     30.3738670      0.2024544
     30.4438801      0.2029298
     30.5140648      0.2032440
     30.5844002      0.2042564
     30.6549091      0.2058235
     30.7255783      0.2077681
     30.7964039      0.2097119
     30.8673992      0.2117008
     30.9385605      0.2139978
     31.0098763      0.2159099
     31.0813637      0.2177872
     31.1530094      0.2193136
     31.2248268      0.2220657
     31.2968102      0.2243323
     31.3689518      0.2267377
     31.4412689      0.2275370
     31.5137424      0.2289837
     31.5863934      0.2314879
     31.6592102      0.2351919
     31.7321873      0.2392133
     31.8053417      0.2413961
     31.8786545      0.2427252
     31.9521465      0.2425349
     32.0258064      0.2429307
     32.0996284      0.2439662
     32.1736298      0.2455681
     32.2477913      0.2480944
     32.3221359      0.2520909
     32.3966484      0.2560492
     32.4713249      0.2603562
     32.5461807      0.2625794
     32.6212120      0.2627097
     32.6964073      0.2627022
     32.7717819      0.2622833
     32.8473244      0.2635821
     32.9230499      0.2662055
     32.9989471      0.2663412
     33.0750122      0.2650768
     33.1512604      0.2652695
     33.2276764      0.2734360
     33.3042793      0.2809913
     33.3810577      0.2878070
     33.4580040      0.2925065
     33.5351334      0.3004610
     33.6124344      0.2987641
     33.6899223      0.2900202
     33.7675896      0.2716694
     33.8454285      0.2614659
     33.9234543      0.2628834
     34.0016479      0.2773459
     34.0800362      0.2883232
     34.1585999      0.3003091
     34.2373390      0.2991921
     34.3162689      0.2829564
     34.3953705      0.2736489
     34.4746628      0.2644419
     34.5541382      0.2748660
     34.6337891      0.2931041
     34.7136307      0.3163860
     34.7936592      0.3356322
     34.8738594      0.3514047
     34.9542580      0.3565039
     35.0348282      0.3541746
     35.1155968      0.3452353
     35.1965485      0.3361209
     35.2776794      0.3245463
     35.3590088      0.3198772
     35.4405136      0.3178631
     35.5222130      0.3177639
     35.6041069      0.3256792
     35.6861763      0.3322971
     35.7684441      0.3402412
     35.8508949      0.3410565
     35.9335403      0.3427325
     36.0163803      0.3447609
     36.0994034      0.3468975
     36.1826248      0.3491461
     36.2660255      0.3514917
     36.3496323      0.3539257
     36.4334297      0.3564371
     36.5174141      0.3590167
     36.6015968      0.3616542
     36.6859779      0.3643348
     36.7705421      0.3670576
     36.8553085      0.3698065
     36.9402657      0.3725702
     37.0254250      0.3753389
     37.1107788      0.3781007
     37.1963234      0.3808389
     37.2820740      0.3835543
     37.3680115      0.3862434
     37.4541588      0.3889523
     37.5405045      0.3917209
     37.6270370      0.3945385
     37.7137794      0.3974029
     37.8007126      0.4003102
     37.8878555      0.4032575
     37.9752007      0.4062441
     38.0627365      0.4092663
     38.1504860      0.4123209
     38.2384224      0.4154047
     38.3265762      0.4185152
     38.4149323      0.4216493
     38.5034828      0.4248053
     38.5922470      0.4279784
     38.6812134      0.4311677
     38.7703781      0.4343683
     38.8597565      0.4375801
     38.9493294      0.4407993
     39.0391235      0.4440194
     39.1291199      0.4472681
     39.2193146      0.4504253
     39.3097305      0.4535744
     39.4003410      0.4567320
     39.4911728      0.4598991
     39.5822144      0.4630752
     39.6734543      0.4662601
     39.7649155      0.4694544
     39.8565750      0.4726575
     39.9484596      0.4758703
     40.0405540      0.4790921
     40.1328506      0.4823229
     40.2253723      0.4855633
     40.3180923      0.4888126
     40.4110413      0.4920716
     40.5042000      0.4953400
     40.5975685      0.4986174
     40.6911583      0.5019046
     40.7849655      0.5052012
     40.8789787      0.5085070
     40.9732170      0.5118225
     41.0676651      0.5151474
     41.1623383      0.5184820
     41.2572327      0.5230657
     41.3523331      0.5263890
     41.4476662      0.5297132
     41.5432053      0.5330372
     41.6389771      0.5363619
     41.7349701      0.5396870
     41.8311691      0.5430118
     41.9276047      0.5463372
     42.0242500      0.5496625
     42.1211319      0.5529884
     42.2182350      0.5563142
     42.3155518      0.5596399
     42.4131050      0.5629659
     42.5108681      0.5662915
     42.6088715      0.5696175
     42.7070999      0.5729434
     42.8055420      0.5762688
     42.9042244      0.5795945
     43.0031319      0.5829200
     43.1022568      0.5862449
     43.2016258      0.5899526
     43.3012085      0.5933112
     43.4010315      0.5966667
     43.5010872      0.6000189
     43.6013603      0.6033671
     43.7018738      0.6067121
     43.8026123      0.6100533
     43.9035912      0.6133911
     44.0048027      0.6167251
     44.1062393      0.6200551
     44.2079201      0.6233814
     44.3098221      0.6267036
     44.4119682      0.6300220
     44.5143547      0.6333365
     44.6169624      0.6366464
     44.7198219      0.6399527
     44.8229027      0.6432542
     44.9262352      0.6465519
     45.0298080      0.6498452
     45.1336021      0.6531337
     45.2376518      0.6564181
     45.3419418      0.6596979
     45.4464569      0.6632308
     45.5512276      0.6664706
     45.6562271      0.6697033
     45.7614784      0.6729294
     45.8669739      0.6761488
     45.9727020      0.6793607
     46.0786858      0.6825661
     46.1848984      0.6857639
     46.2913704      0.6889549
     46.3980904      0.6921386
     46.5050392      0.6953145
     46.6122513      0.6984834
     46.7196960      0.7016443
     46.8274002      0.7047979
     46.9353523      0.7079437
     47.0435410      0.7110814
     47.1519928      0.7142117
     47.2606812      0.7173336
     47.3696365      0.7204478
     47.4788399      0.7235538
     47.5882797      0.7266510
     47.6979866      0.7303421
     47.8079491      0.7334446
     47.9181480      0.7365333
     48.0286179      0.7396094
     48.1393242      0.7426717
     48.2503052      0.7457210
     48.3615379      0.7487566
     48.4730148      0.7517782
     48.5847626      0.7547863
     48.6967506      0.7577800
     48.8090172      0.7607601
     48.9215355      0.7637258
     49.0343056      0.7666768
     49.1473465      0.7696138
     49.2606354      0.7725357
     49.3741951      0.7754433
     49.4880219      0.7783360
     49.6020927      0.7812132
     49.7164459      0.7840757
     49.8310432      0.7869225
     49.9459229      0.7897544
     50.0610657      0.7924430
     50.1764603      0.7952327
     50.2921333      0.7980077
     50.4080620      0.8007675
     50.5242691      0.8035125
     50.6407433      0.8062422
     50.7574730      0.8089561
     50.8744888      0.8116549
     50.9917717      0.8143380
     51.1093102      0.8170050
     51.2271347      0.8196562
     51.3452187      0.8222911
     51.4635849      0.8249100
     51.5822296      0.8275127
     51.7011299      0.8300986
     51.8203163      0.8326680
     51.9397659      0.8352203
     52.0595055      0.8377560
     52.1795197      0.8402747
     52.2997971      0.8427758
     52.4203682      0.8452598
     52.5411987      0.8474261
     52.6623268      0.8498876
     52.7837296      0.8523335
     52.9054031      0.8547634
     53.0273666      0.8571776
     53.1495972      0.8595754
     53.2721252      0.8619574
     53.3949356      0.8643229
     53.5180168      0.8666718
     53.6413956      0.8690042
     53.7650566      0.8713199
     53.8889885      0.8736183
     54.0132217      0.8759001
     54.1377258      0.8781644
     54.2625313      0.8804117
     54.3876266      0.8826414
     54.5129929      0.8848532
     54.6386642      0.8870475
     54.7646103      0.8892238
     54.8908615      0.8913822
     55.0174026      0.8935223
     55.1442223      0.8956439
     55.2713509      0.8975798
     55.3987541      0.8996505
     55.5264664      0.9017039
     55.6544762      0.9037396
     55.7827606      0.9057571
     55.9113617      0.9077569
     56.0402412      0.9097383
     56.1694336      0.9117015
     56.2989235      0.9136464
     56.4286957      0.9155723
     56.5587845      0.9174798
     56.6891708      0.9193683
     56.8198433      0.9212376
     56.9508324      0.9230879
     57.0821075      0.9249186
     57.2137032      0.9267300
     57.3456001      0.9285216
     57.4777870      0.9302934
     57.6102905      0.9320452
     57.7430878      0.9337768
     57.8762054      0.9354882
     58.0096283      0.9372469
     58.1433449      0.9389277
     58.2773857      0.9405876
     58.4117203      0.9422257
     58.5463791      0.9438424
     58.6813507      0.9454374
     58.8166122      0.9470100
     58.9522057      0.9485610
     59.0880966      0.9500894
     59.2243156      0.9515956
     59.3608475      0.9530790
     59.4976768      0.9545395
     59.6348419      0.9559773
     59.7723198      0.9573920
     59.9100990      0.9587830
     60.0482101      0.9601507
     60.1866264      0.9614947
     60.3253784      0.9628149
     60.4644508      0.9641110
     60.6038246      0.9653829
     60.7435379      0.9666305
     60.8835564      0.9672236
     61.0239143      0.9684231
     61.1645927      0.9696020
     61.3055840      0.9707606
     61.4469147      0.9718986
     61.5885544      0.9730156
     61.7305374      0.9741119
     61.8728447      0.9751870
     62.0154686      0.9762409
     62.1584358      0.9772733
     62.3017120      0.9782841
     62.4453392      0.9792731
     62.5892982      0.9802405
     62.7335701      0.9811855
     62.8781929      0.9821085
     63.0231514      0.9830090
     63.1684227      0.9838870
     63.3140488      0.9847423
     63.4599915      0.9855747
     63.6062889      0.9863841
     63.7529221      0.9871702
     63.8998795      0.9879329
     64.0471878      0.9882400
     64.1948242      0.9889566
     64.3428116      0.9896526
     64.4911499      0.9903280
     64.6398010      0.9909821
     64.7888184      0.9916152
     64.9381638      0.9922273
     65.0878677      0.9928178
     65.2379150      0.9933868
     65.3882980      0.9939342
     65.5390396      0.9944597
     65.6901093      0.9949632
     65.8415527      0.9954445
     65.9933395      0.9959034
     66.1454544      0.9963399
     66.2979431      0.9967538
     66.4507828      0.9971449
     66.6039581      0.9975128
     66.7574997      0.9978577
     66.9113846      0.9981794
     67.0656357      0.9980103
     67.2202454      0.9982880
     67.3751984      0.9985454
     67.5305176      0.9987823
     67.6861801      0.9989987
     67.8422241      0.9991944
     67.9986191      0.9993692
     68.1553650      0.9995232
     68.3124847      0.9996558
     68.4699478      0.9997672
     68.6277924      0.9998572
     68.7860031      0.9999256
     68.9445648      0.9999724
     69.1035004      0.9999971
     69.2627945      1.0000000
     69.4224701      0.9999806
     69.5825119      0.9999388
     69.7429047      0.9998745
     69.9036865      0.9997877
     70.0648193      0.9996780
     70.2263412      0.9995453
     70.3882370      0.9993895
     70.5504837      0.9985519
     70.7131271      0.9983535
     70.8761444      0.9981363
     71.0395203      0.9979003
     71.2032928      0.9976454
     71.3674240      0.9973714
     71.5319519      0.9970782
     71.6968536      0.9967657
     71.8621216      0.9964337
     72.0277863      0.9960821
     72.1938171      0.9957108
     72.3602524      0.9953196
     72.5270615      0.9949083
     72.6942444      0.9944771
     72.8618317      0.9940255
     73.0297775      0.9935535
     73.1981430      0.9930609
     73.3668900      0.9925477
     73.5360031      0.9920138
     73.7055283      0.9914589
     73.8754272      0.9908828
     74.0457306      0.9896600
     74.2164383      0.9890443
     74.3875122      0.9884118
     74.5589981      0.9877623
     74.7308807      0.9870958
     74.9031448      0.9864122
     75.0758209      0.9857113
     75.2488785      0.9849930
     75.4223480      0.9842573
     75.5962219      0.9835039
     75.7704773      0.9827329
     75.9451523      0.9819441
     76.1202164      0.9811373
     76.2957001      0.9803123
     76.4715881      0.9794693
     76.6478577      0.9786081
     76.8245621      0.9777284
     77.0016479      0.9768302
     77.1791611      0.9759133
     77.3570862      0.9749776
     77.5354004      0.9740232
     77.7141418      0.9724446
     77.8932800      0.9714535
     78.0728531      0.9704476
     78.2528381      0.9694269
     78.4332123      0.9683914
     78.6140289      0.9673407
     78.7952652      0.9662749
     78.9768906      0.9651940
     79.1589584      0.9640979
     79.3414307      0.9629862
     79.5243378      0.9618590
     79.7076721      0.9607163
     79.8914032      0.9595580
     80.0755768      0.9583837
     80.2601547      0.9571939
     80.4451828      0.9559879
     80.6306381      0.9547657
     80.8164978      0.9535276
     81.0028076      0.9522730
     81.1895218      0.9510022
     81.3766937      0.9497150
     81.5643005      0.9479904
     81.7523117      0.9466680
     81.9407730      0.9453318
     82.1296539      0.9439821
     82.3189926      0.9426183
     82.5087662      0.9412406
     82.6989517      0.9398493
     82.8896027      0.9384436
     83.0806961      0.9370238
     83.2722015      0.9355900
     83.4641724      0.9341417
     83.6565628      0.9326792
     83.8494186      0.9312021
     84.0427246      0.9297104
     84.2364426      0.9282043
     84.4306412      0.9266831
     84.6252594      0.9251475
     84.8203506      0.9235968
     85.0158920      0.9220311
     85.2118607      0.9204505
     85.4083023      0.9188546
     85.6051712      0.9166085
     85.8025208      0.9149883
     86.0003281      0.9133576
     86.1985626      0.9117163
     86.3972778      0.9100642
     86.5964355      0.9084013
     86.7960663      0.9067275
     86.9961624      0.9050426
     87.1966934      0.9033470
     87.3977127      0.9016402
     87.5991974      0.8999223
     87.8011169      0.8981934
     88.0035324      0.8964531
     88.2063828      0.8947019
     88.4097290      0.8929390
     88.6135483      0.8911647
     88.8178024      0.8893793
     89.0225601      0.8875820
     89.2277679      0.8857734
     89.4334641      0.8839530
     89.6396408      0.8821210
     89.8462677      0.8795889
     90.0533905      0.8777276
     90.2609711      0.8758597
     90.4690552      0.8739851
     90.6776199      0.8721036
     90.8866348      0.8702158
     91.0961609      0.8683208
     91.3061447      0.8664194
     91.5166397      0.8645109
     91.7276154      0.8625955
     91.9390488      0.8606735
     92.1510010      0.8587444
     92.3634415      0.8568085
     92.5763474      0.8548657
     92.7897720      0.8529157
     93.0036545      0.8509590
     93.2180634      0.8489950
     93.4329605      0.8470240
     93.6483307      0.8450461
     93.8642197      0.8430608
     94.0805893      0.8410686
     94.2974777      0.8390691
     94.5148621      0.8369752
     94.7327271      0.8349569
     94.9511185      0.8329318
     95.1699829      0.8309003
     95.3893890      0.8288617
     95.6092911      0.8268166
     95.8296814      0.8247649
     96.0505981      0.8227064
     96.2720032      0.8206412
     96.4939423      0.8185689
     96.7163925      0.8164901
     96.9393311      0.8144044
     97.1628113      0.8123116
     97.3867798      0.8102123
     97.6112900      0.8081056
     97.8363190      0.8059921
     98.0618362      0.8038719
     98.2879028      0.8017445
     98.5144882      0.7996100
     98.7415695      0.7974687
     98.9692078      0.7953200
     99.1973343      0.7928398
     99.4260254      0.7906866
     99.6552353      0.7885286
     99.8849487      0.7863662
    100.1151886      0.7841990
    100.3460159      0.7820265
    100.5773163      0.7798498
    100.8091583      0.7776681
    101.0415878      0.7754812
    101.2744904      0.7732901
    101.5079346      0.7710940
    101.7419739      0.7688927
    101.9765015      0.7666869
    102.2115631      0.7644764
    102.4471664      0.7622610
    102.6833725      0.7600402
    102.9200668      0.7578149
    103.1573029      0.7555849
    103.3951416      0.7533494
    103.6334763      0.7511095
    103.8723602      0.7488647
    104.1118469      0.7461133
    104.3518372      0.7438537
    104.5923767      0.7415930
    104.8334656      0.7393312
    105.0751724      0.7370677
    105.3173752      0.7348036
    105.5601425      0.7325383
    105.8035202      0.7302714
    106.0474091      0.7280039
    106.2918549      0.7257354
    106.5369263      0.7234653
    106.7825012      0.7211947
    107.0286407      0.7189230
    107.2754059      0.7166499
    107.5226822      0.7143763
    107.7705307      0.7121018
    108.0189514      0.7098262
    108.2680054      0.7075492
    108.5175705      0.7052718
    108.7677078      0.7029937
    109.0184860      0.7007140
    109.2697830      0.6984242
    109.5216522      0.6961411
    109.7741699      0.6938567
    110.0272064      0.6915722
    110.2808304      0.6892870
    110.5350342      0.6870011
    110.7898865      0.6847140
    111.0452652      0.6824268
    111.3012314      0.6801390
    111.5578461      0.6778501
    111.8149948      0.6755612
    112.0727386      0.6732716
    112.3311386      0.6709810
    112.5900650      0.6686904
    112.8495941      0.6663994
    113.1097870      0.6641073
    113.3705139      0.6618153
    113.6318359      0.6595229
    113.8937683      0.6572301
    114.1563644      0.6549363
    114.4195023      0.6526428
    114.6832428      0.6503490
    114.9476624      0.6479496
    115.2126236      0.6456596
    115.4781952      0.6433701
    115.7444458      0.6410805
    116.0112457      0.6387921
    116.2786636      0.6365044
    116.5466919      0.6342171
    116.8154068      0.6319301
    117.0846710      0.6296445
    117.3545609      0.6273593
    117.6251373      0.6250745
    117.8962708      0.6227911
    118.1680298      0.6205084
    118.4404831      0.6182260
    118.7134933      0.6159451
    118.9871368      0.6136650
    119.2614746      0.6113854
    119.5363846      0.6091073
    119.8119202      0.6068302
    120.0880966      0.6045541
    120.3649750      0.6022785
    120.6424255      0.5998387
    120.9205093      0.5975640
    121.1993103      0.5952912
    121.4786835      0.5930213
    121.7586975      0.5907540
    122.0394287      0.5884885
    122.3207397      0.5862262
    122.6026993      0.5839664
    122.8853073      0.5817093
    123.1686325      0.5794544
    123.4525452      0.5772027
    123.7371140      0.5749539
    124.0223999      0.5727073
    124.3082809      0.5704641
    124.5948181      0.5682238
    124.8820877      0.5659859
    125.1699524      0.5637515
    125.4584808      0.5615202
    125.7477341      0.5592914
    126.0375977      0.5570663
    126.3281174      0.5548443
    126.6193161      0.5525604
    126.9112549      0.5503457
    127.2037888      0.5481355
    127.4970016      0.5459291
    127.7909622      0.5437261
    128.0855255      0.5415276
    128.3807831      0.5393330
    128.6767731      0.5371420
    128.9733887      0.5349557
    129.2706757      0.5327735
    129.5686493      0.5305955
    129.8673859      0.5284213
    130.1667480      0.5262519
    130.4667816      0.5240869
    130.7675934      0.5219257
    131.0690308      0.5197695
    131.3711548      0.5176180
    131.6740417      0.5154706
    131.9775543      0.5133282
    132.2817688      0.5111905
    132.5867615      0.5090572
    132.8923950      0.5070202
    133.1987152      0.5048933
    133.5057526      0.5027706
    133.8135681      0.5006517
    134.1220093      0.4985377
    134.4311676      0.4964281
    134.7411194      0.4943224
    135.0517120      0.4922217
    135.3630066      0.4901256
    135.6751099      0.4880336
    135.9878540      0.4859467
    136.3013153      0.4838646
    136.6154938      0.4817874
    136.9304810      0.4797144
    137.2461090      0.4776468
    137.5624695      0.4755841
    137.8796387      0.4735260
    138.1974640      0.4714733
    138.5160217      0.4694258
    138.8353882      0.4673831
    139.1554108      0.4653459
    139.4761658      0.4635128
    139.7977448      0.4614875
    140.1199951      0.4594665
    140.4429779      0.4574496
    140.7667084      0.4554366
    141.0912628      0.4534273
    141.4164886      0.4514227
    141.7424622      0.4494222
    142.0692749      0.4474255
    142.3967438      0.4454336
    142.7249908      0.4434458
    143.0540619      0.4414621
    143.3838043      0.4394834
    143.7143097      0.4375091
    144.0455933      0.4355393
    144.3777008      0.4335737
    144.7104950      0.4316132
    145.0440674      0.4296574
    145.3784790      0.4277060
    145.7135925      0.4257597
    146.0494690      0.4238184
    146.3862152      0.4218814
    146.7236328      0.4199856
    147.0618439      0.4180598
    147.4009094      0.4161384
    147.7406921      0.4142222
    148.0812378      0.4123111
    148.4225769      0.4104049
    148.7647858      0.4085033
    149.1076965      0.4066073
    149.4514008      0.4047163
    149.7959747      0.4028303
    150.1412659      0.4009499
    150.4873505      0.3990748
    150.8343201      0.3972046
    151.1820068      0.3953403
    151.5304871      0.3934816
    151.8797760      0.3916283
    152.2299500      0.3897803
    152.5808563      0.3879382
    152.9325714      0.3861020
    153.2851715      0.3842711
    153.6385040      0.3824465
    153.9926453      0.3807688
    154.3477020      0.3789524
    154.7034912      0.3771413
    155.0600891      0.3753354
    155.4176025      0.3735340
    155.7758484      0.3717382
    156.1349182      0.3699476
    156.4948273      0.3681622
    156.8556366      0.3663817
    157.2172089      0.3646069
    157.5796051      0.3628375
    157.9429169      0.3610732
    158.3069916      0.3593148
    158.6718903      0.3575620
    159.0377350      0.3558143
    159.4043274      0.3540727
    159.7717590      0.3523370
    160.1400452      0.3506069
    160.5092773      0.3488823
    160.8792572      0.3471641
    161.2500916      0.3454519
    161.6218719      0.3438574
    161.9944305      0.3421597
    162.3678284      0.3404674
    162.7421875      0.3387800
    163.1173248      0.3370984
    163.4933167      0.3354223
    163.8701935      0.3337517
    164.2480164      0.3320863
    164.6266174      0.3304270
    165.0060883      0.3287734
    165.3865356      0.3271252
    165.7677612      0.3254831
    166.1498718      0.3238470
    166.5329437      0.3222164
    166.9168091      0.3205922
    167.3015747      0.3189740
    167.6873016      0.3173616
    168.0738373      0.3157556
    168.4612579      0.3141560
    168.8495636      0.3125626
    169.2388763      0.3109752
    169.6289825      0.3095269
    170.0199890      0.3079492
    170.4119873      0.3063768
    170.8048096      0.3048104
    171.1985168      0.3032496
    171.5932312      0.3016942
    171.9887695      0.3001449
    172.3852234      0.2986014
    172.7825775      0.2970638
    173.1809540      0.2955317
    173.5801392      0.2940061
    173.9802551      0.2924865
    174.3813934      0.2909726
    174.7833557      0.2894652
    175.1862335      0.2879641
    175.5901489      0.2864689
    175.9949036      0.2849804
    176.4005890      0.2834983
    176.8072968      0.2820223
    177.2148438      0.2805533
    177.6233368      0.2790908
    178.0327759      0.2778858
    178.4432526      0.2764372
    178.8545837      0.2749938
    179.2668457      0.2735554
    179.6801758      0.2721216
    180.0943451      0.2706932
    180.5094757      0.2692699
    180.9256592      0.2678515
    181.3427124      0.2664385
    181.7607117      0.2650309
    182.1796875      0.2636285
    182.5997314      0.2622311
    183.0206299      0.2608396
    183.4425049      0.2594534
    183.8654480      0.2580724
    184.2892761      0.2566974
    184.7140808      0.2553279
    185.1399536      0.2539638
    185.5667267      0.2526057
    185.9944611      0.2512535
    186.4232941      0.2499067
    186.8530121      0.2487074
    187.2837219      0.2473733
    187.7154236      0.2460442
    188.1482239      0.2447198
    188.5819244      0.2434007
    189.0166168      0.2420867
    189.4524231      0.2407775
    189.8891144      0.2394739
    190.3268280      0.2381755
    190.7656555      0.2368820
    191.2053833      0.2355941
    191.6461182      0.2343117
    192.0878754      0.2330348
    192.5307617      0.2317630
    192.9745483      0.2304970
    193.4193726      0.2292367
    193.8653259      0.2279817
    194.3121948      0.2267326
    194.7601013      0.2254894
    195.2091522      0.2242516
    195.6591187      0.2230200
    196.1101227      0.2219481
    196.5622864      0.2207276
    197.0153656      0.2195123
    197.4695129      0.2183018
    197.9246826      0.2170964
    198.3810272      0.2158957
    198.8383026      0.2147003
    199.2966461      0.2135100
    199.7561493      0.2123246
    200.2165985      0.2111447
    200.6781158      0.2099700
    201.1408081      0.2088003
    201.6044464      0.2076363
    202.0691528      0.2064777
    202.5349426      0.2053245
    203.0019073      0.2041766
    203.4698486      0.2030345
    203.9388580      0.2018980
    204.4090576      0.2007668
    204.8802338      0.1996417
    205.3525085      0.1985222
    205.8259735      0.1974084
    206.3004150      0.1964931
    206.7759552      0.1953904
    207.2527008      0.1942920
    207.7304230      0.1931985
    208.2092590      0.1921095
    208.6891937      0.1910251
    209.1703491      0.1899452
    209.6525116      0.1888703
    210.1357727      0.1878002
    210.6202698      0.1867346
    211.1057587      0.1856742
    211.5923767      0.1846187
    212.0802307      0.1835679
    212.5690918      0.1825223
    213.0590668      0.1814819
    213.5501862      0.1804464
    214.0425568      0.1794159
    214.5359344      0.1783909
    215.0304565      0.1773711
    215.5262299      0.1763563
    216.0230408      0.1753471
    216.5209961      0.1744989
    217.0202026      0.1735002
    217.5204468      0.1725060
    218.0218506      0.1715161
    218.5245209      0.1705304
    219.0282440      0.1695494
    219.5331116      0.1685729
    220.0391541      0.1676008
    220.5464783      0.1666331
    221.0548553      0.1656702
    221.5644073      0.1647119
    222.0752563      0.1637581
    222.5871429      0.1628093
    223.1002350      0.1618652
    223.6146088      0.1609257
    224.1300659      0.1599913
    224.6466980      0.1590618
    225.1645203      0.1581372
    225.6836700      0.1572174
    226.2038879      0.1563028
    226.7252960      0.1553933
    227.2480469      0.1546610
    227.7718658      0.1537608
    228.2968903      0.1528645
    228.8232574      0.1519720
    229.3507080      0.1510836
    229.8793793      0.1501994
    230.4093933      0.1493189
    230.9405060      0.1484428
    231.4728394      0.1475709
    232.0064087      0.1467031
    232.5413208      0.1458394
    233.0773468      0.1449801
    233.6146088      0.1441251
    234.1532288      0.1432743
    234.6929779      0.1424281
    235.2339630      0.1415863
    235.7763214      0.1407487
    236.3197937      0.1399159
    236.8645325      0.1390875
    237.4105225      0.1382638
    237.9579010      0.1374445
    238.5064087      0.1367903
    239.0561829      0.1359813
    239.6073608      0.1351756
    240.1596680      0.1343737
    240.7132568      0.1335755
    241.2682495      0.1327806
    241.8243866      0.1319897
    242.3818054      0.1312025
    242.9406586      0.1304188
    243.5006409      0.1296391
    244.0619354      0.1288632
    244.6245117      0.1280912
    245.1885223      0.1273229
    245.7537079      0.1265587
    246.3201752      0.1257984
    246.8881073      0.1250419
    247.4571991      0.1242897
    248.0276031      0.1235415
    248.5994568      0.1227973
    249.1725006      0.1220574
    249.7468567      0.1213216
    250.3225403      0.1207049
    250.8996887      0.1199774
    251.4780426      0.1192535
    252.0577087      0.1185331
    252.6388550      0.1178161
    253.2212067      0.1171027
    253.8049011      0.1163928
    254.3900757      0.1156864
    254.9764709      0.1149838
    255.5642090      0.1142848
    256.1534424      0.1135894
    256.7438965      0.1128978
    257.3356934      0.1122100
    257.9288940      0.1115259
    258.5235596      0.1108456
    259.1194763      0.1101692
    259.7167664      0.1094967
    260.3155823      0.1088280
    260.9156189      0.1081634
    261.5170593      0.1075028
    262.1200256      0.1068460
    262.7242126      0.1061935
    263.3298035      0.1056891
    263.9367981      0.1050438
    264.5453491      0.1044014
    265.1551514      0.1037622
    265.7663574      0.1031262
    266.3790894      0.1024932
    266.9931335      0.1018636
    267.6085510      0.1012372
    268.2255554      0.1006139
    268.8438416      0.0999940
    269.4635620      0.0993775
    270.0848389      0.0987641
    270.7073975      0.0981543
    271.3313904      0.0975479
    271.9568481      0.0969449
    272.5838623      0.0963452
    273.2121887      0.0957492
    273.8419495      0.0951568
    274.4733276      0.0945677
    275.1060181      0.0939823
    275.7401733      0.0934006
    276.3759155      0.0929529
    277.0129700      0.0923786
    277.6515198      0.0918071
    278.2915039      0.0912383
    278.9331665      0.0906721
    279.5761108      0.0901090
    280.2205505      0.0895486
    280.8666382      0.0889910
    281.5140686      0.0884365
    282.1629639      0.0878848
    282.8135376      0.0873360
    283.4654236      0.0867903
    284.1188354      0.0862475
    284.7738953      0.0857077
    285.4303284      0.0851710
    286.0882568      0.0846375
    286.7477112      0.0841070
    287.4088440      0.0835795
    288.0713501      0.0830553
    288.7353821      0.0825343
    289.4010925      0.0820164
    290.0681763      0.0816069
    290.7368164      0.0810954
    291.4071350      0.0805862
    292.0788574      0.0800797
    292.7521057      0.0795757
    293.4269409      0.0790743
    294.1034546      0.0785755
    294.7814026      0.0780793
    295.4608765      0.0775858
    296.1420898      0.0770949
    296.8247375      0.0766068
    297.5089417      0.0761214
    298.1948853      0.0756387
    298.8822327      0.0751589
    299.5711975      0.0746818
    300.2618713      0.0742075
    300.9540100      0.0737361
    301.6477356      0.0732676
    302.3430481      0.0728020
    303.0401306      0.0723392
    303.7386475      0.0718795
    304.4388123      0.0715287
    305.1407166      0.0710749
    305.8440857      0.0706235
    306.5490723      0.0701743
    307.2558594      0.0697272
    307.9641113      0.0692826
    308.6740112      0.0688403
    309.3854980      0.0684003
    310.0988464      0.0679625
    310.8136292      0.0675273
    311.5300903      0.0670944
    312.2483521      0.0666639
    312.9681091      0.0662359
    313.6895142      0.0658104
    314.4127808      0.0653872
    315.1375122      0.0649666
    315.8639221      0.0645486
    316.5920105      0.0641332
    317.3219604      0.0637202
    318.0534058      0.0633098
    318.7865601      0.0629021
    319.5215454      0.0625789
    320.2580566      0.0621768
    320.9962769      0.0617768
    321.7363892      0.0613788
    322.4779968      0.0609830
    323.2213440      0.0605892
    323.9665527      0.0601976
    324.7133179      0.0598082
    325.4618225      0.0594209
    326.2120361      0.0590359
    326.9641418      0.0586530
    327.7178345      0.0582724
    328.4732361      0.0578941
    329.2305908      0.0575180
    329.9894714      0.0571443
    330.7501221      0.0567728
    331.5126953      0.0564037
    332.2768555      0.0560369
    333.0427856      0.0556726
    333.8104858      0.0553106
    334.5801086      0.0549510
    335.3513489      0.0545939
    336.1243591      0.0543229
    336.8993225      0.0539699
    337.6759033      0.0536189
    338.4542847      0.0532698
    339.2346191      0.0529226
    340.0165710      0.0525773
    340.8003540      0.0522340
    341.5860901      0.0518925
    342.3734741      0.0515531
    343.1626892      0.0512157
    343.9537048      0.0508803
    344.7467346      0.0505469
    345.5413818      0.0502155
    346.3378906      0.0498863
    347.1364136      0.0495590
    347.9365845      0.0492339
    348.7385864      0.0489110
    349.5426636      0.0485900
    350.3483887      0.0482713
    351.1559448      0.0479548
    351.9653931      0.0476405
    352.7768860      0.0474104
    353.5900574      0.0471004
    354.4051208      0.0467921
    355.2222595      0.0464853
    356.0410461      0.0461803
    356.8617554      0.0458770
    357.6845398      0.0455752
    358.5090332      0.0452752
    359.3354187      0.0449770
    360.1639099      0.0446804
    360.9941101      0.0443856
    361.8262329      0.0440926
    362.6602783      0.0438014
    363.4964294      0.0435119
    364.3343201      0.0432243
    365.1741333      0.0429385
    366.0160828      0.0426545
    366.8597717      0.0423724
    367.7054138      0.0420921
    368.5531921      0.0418137
    369.4027405      0.0415373
    370.2542419      0.0413291
    371.1076965      0.0410563
    371.9633484      0.0407849
    372.8207397      0.0405151
    373.6801147      0.0402467
    374.5416870      0.0399798
    375.4050293      0.0397144
    376.2703552      0.0394506
    377.1379089      0.0391882
    378.0072327      0.0389274
    378.8785706      0.0386682
    379.7521057      0.0384106
    380.6274719      0.0381545
    381.5048523      0.0379001
    382.3842468      0.0376473
    383.2658691      0.0373961
    384.1493225      0.0371466
    385.0348206      0.0368987
    385.9225464      0.0366524
    386.8121338      0.0364079
    387.7037659      0.0361651
    388.5976562      0.0359851
    389.4934082      0.0357458
    390.3912354      0.0355078
    391.2911072      0.0352710
    392.1932678      0.0350356
    393.0972900      0.0348015
    394.0034180      0.0345687
    394.9118347      0.0343372
    395.8221436      0.0341071
    396.7345276      0.0338785
    397.6492615      0.0336511
    398.5658569      0.0334252
    399.4845886      0.0332007
    400.4056396      0.0329775
    401.3286133      0.0327559
    402.2536926      0.0325357
    403.1809387      0.0323169
    404.1105042      0.0320995
    405.0420227      0.0318837
    405.9756775      0.0316694
    406.9116821      0.0314566
    407.8496399      0.0312992
    408.7897644      0.0310895
    409.7322998      0.0308808
    410.6767578      0.0306734
    411.6233826      0.0304671
    412.5722046      0.0302620
    413.5234375      0.0300580
    414.4766541      0.0298552
    415.4320374      0.0296537
    416.3898621      0.0294533
    417.3496704      0.0292542
    418.3117065      0.0290563
    419.2761841      0.0288596
    420.2426453      0.0286643
    421.2113342      0.0284702
    422.1824646      0.0282773
    423.1556396      0.0280858
    424.1310425      0.0278955
    425.1087036      0.0277066
    426.0888367      0.0275189
    427.0709839      0.0273326
    428.0554199      0.0271477
    429.0423584      0.0270125
    430.0313416      0.0268301
    431.0225830      0.0266487
    432.0163574      0.0264682
    433.0121765      0.0262889
    434.0103149      0.0261106
    435.0107422      0.0259333
    436.0137024      0.0257571
    437.0187378      0.0255819
    438.0260925      0.0254079
    439.0360413      0.0252348
    440.0480347      0.0250630
    441.0623779      0.0248922
    442.0793152      0.0247225
    443.0983276      0.0245540
    444.1196899      0.0243866
    445.1436768      0.0242203
    446.1697693      0.0240552
    447.1982117      0.0238913
    448.2290344      0.0237285
    449.2624817      0.0235669
    450.2980652      0.0234494
    451.3360291      0.0232901
    452.3766479      0.0231316
    453.4194031      0.0229740
    454.4645691      0.0228174
    455.5123901      0.0226616
    456.5623779      0.0225068
    457.6147766      0.0223529
    458.6696167      0.0221999
    459.7271423      0.0220479
    460.7868347      0.0218969
    461.8489990      0.0217468
    462.9138489      0.0215977
    463.9808960      0.0214495
    465.0503845      0.0213024
    466.1226196      0.0211562
    467.1970825      0.0210111
    468.2739868      0.0208670
    469.3536682      0.0207239
    470.4355469      0.0205818
    471.5199280      0.0204408
    472.6068115      0.0203396
    473.6964722      0.0202006
    474.7883911      0.0200624
    475.8828125      0.0199250
    476.9800110      0.0197883
    478.0794678      0.0196525
    479.1814880      0.0195175
    480.2862854      0.0193833
    481.3934021      0.0192499
    482.5030518      0.0191174
    483.6152344      0.0189857
    484.7302856      0.0188548
    485.8476257      0.0187248
    486.9675293      0.0185956
    488.0903015      0.0184673
    489.2153625      0.0183399
    490.3430481      0.0182133
    491.4736023      0.0180876
    492.6064758      0.0179628
    493.7419739      0.0178390
    494.8803406      0.0177160
    496.0210876      0.0176273
    497.1644592      0.0175062
    498.3104553      0.0173857
    499.4593506      0.0172659
    500.6106567      0.0171468
    501.7645874      0.0170284
    502.9214783      0.0169107
    504.0807495      0.0167938
    505.2426758      0.0166775
    506.4075928      0.0165620
    507.5748901      0.0164472
    508.7448730      0.0163332
    509.9175720      0.0162199
    511.0932617      0.0161073
    512.2713623      0.0159955
    513.4522095      0.0158844
    514.6359863      0.0157741
    515.8222656      0.0156647
    517.0112915      0.0155559
    518.2033081      0.0154480
    519.3978271      0.0153409
    520.5950317      0.0152636
    521.7953491      0.0151581
    522.9981079      0.0150532
    524.2036743      0.0149489
    525.4119873      0.0148452
    526.6234131      0.0147422
    527.8373413      0.0146397
    529.0540161      0.0145379
    530.2738037      0.0144367
    531.4961548      0.0143362
    532.7212524      0.0142363
    533.9495239      0.0141370
    535.1802979      0.0140384
    536.4139404      0.0139404
    537.6503906      0.0138432
    538.8900146      0.0137465
    540.1322021      0.0136506
    541.3772583      0.0135553
    542.6254883      0.0134607
    543.8762817      0.0133669
    545.1299438      0.0132737
    546.3867798      0.0131812
    547.6462402      0.0131148
    548.9086304      0.0130236
    550.1741943      0.0129329
    551.4423828      0.0128428
    552.7135010      0.0127532
    553.9875488      0.0126642
    555.2648315      0.0125757
    556.5447388      0.0124877
    557.8276367      0.0124004
    559.1137695      0.0123135
    560.4025879      0.0122273
    561.6943359      0.0121416
    562.9893799      0.0120565
    564.2871094      0.0119720
    565.5878296      0.0118881
    566.8915405      0.0118047
    568.1986084      0.0117220
    569.5083008      0.0116399
    570.8211060      0.0115583
    572.1372070      0.0114774
    573.4559937      0.0113971
    574.7778320      0.0113406
    576.1030884      0.0112615
    577.4310303      0.0111828
    578.7620239      0.0111046
    580.0964355      0.0110268
    581.4335938      0.0109496
    582.7738647      0.0108728
    584.1171875      0.0107965
    585.4639282      0.0107206
    586.8134766      0.0106453
    588.1661377      0.0105704
    589.5222168      0.0104961
    590.8811035      0.0104222
    592.2431641      0.0103489
    593.6086426      0.0102760
    594.9769287      0.0102037
    596.3483887      0.0101319
    597.7230225      0.0100606
    599.1011353      0.0099899
    600.4821167      0.0099197
    601.8662720      0.0098500
    603.2539673      0.0098011
    604.6444702      0.0097324
    606.0382690      0.0096642
    607.4355469      0.0095964
    608.8356934      0.0095289
    610.2391357      0.0094619
    611.6457520      0.0093953
    613.0559692      0.0093291
    614.4691162      0.0092633
    615.8854980      0.0091980
    617.3055420      0.0091331
    618.7284546      0.0090686
    620.1546631      0.0090045
    621.5845337      0.0089409
    623.0173340      0.0088777
    624.4534302      0.0088150
    625.8931885      0.0087527
    627.3358765      0.0086909
    628.7819214      0.0086295
    630.2313232      0.0085686
    631.6843872      0.0085081
    633.1405029      0.0084646
    634.5999146      0.0084051
    636.0630493      0.0083459
    637.5292358      0.0082871
    638.9987793      0.0082287
    640.4720459      0.0081706
    641.9484253      0.0081128
    643.4281616      0.0080555
    644.9113159      0.0079985
    646.3981934      0.0079419
    647.8881836      0.0078856
    649.3816528      0.0078298
    650.8788452      0.0077743
    652.3792114      0.0077192
    653.8829346      0.0076645
    655.3905640      0.0076102
    656.9013062      0.0075563
    658.4154663      0.0075028
    659.9335327      0.0074497
    661.4547729      0.0073970
    662.9794312      0.0073447
    664.5076294      0.0073087
    666.0397339      0.0072572
    667.5750122      0.0072061
    669.1138306      0.0071552
    670.6565552      0.0071046
    672.2024536      0.0070544
    673.7519531      0.0070044
    675.3053589      0.0069548
    676.8619995      0.0069055
    678.4221802      0.0068565
    679.9860229      0.0068078
    681.5538330      0.0067595
    683.1248169      0.0067115
    684.6994629      0.0066638
    686.2781372      0.0066164
    687.8600464      0.0065694
    689.4456177      0.0065228
    691.0352173      0.0064764
    692.6281128      0.0064304
    694.2246704      0.0063848
    695.8253174      0.0063395
    697.4291992      0.0063082
    699.0368652      0.0062637
    700.6481934      0.0062194
    702.2636108      0.0061754
    703.8823853      0.0061317
    705.5048828      0.0060883
    707.1314697      0.0060451
    708.7614746      0.0060022
    710.3952026      0.0059595
    712.0331421      0.0059171
    713.6744385      0.0058750
    715.3194580      0.0058332
    716.9683228      0.0057917
    718.6213989      0.0057505
    720.2778931      0.0057095
    721.9381714      0.0056688
    723.6026611      0.0056285
    725.2706299      0.0055884
    726.9424438      0.0055486
    728.6184692      0.0055091
    730.2980347      0.0054699
    731.9813843      0.0054310
    733.6690674      0.0054031
    735.3602295      0.0053648
    737.0552979      0.0053267
    738.7542725      0.0052889
    740.4575195      0.0052512
    742.1643677      0.0052139
    743.8750610      0.0051767
    745.5902100      0.0051398
    747.3088379      0.0051032
    749.0314331      0.0050668
    750.7584229      0.0050306
    752.4889526      0.0049947
    754.2235107      0.0049590
    755.9620361      0.0049236
    757.7050171      0.0048885
    759.4515381      0.0048536
    761.2021484      0.0048189
    762.9572144      0.0047846
    764.7158813      0.0047505
    766.4785767      0.0047166
    768.2457886      0.0046831
    770.0166626      0.0046604
    771.7916260      0.0046273
    773.5710449      0.0045945
    775.3541870      0.0045618
    777.1414185      0.0045294
    778.9328003      0.0044971
    780.7287598      0.0044651
    782.5283813      0.0044332
    784.3321533      0.0044016
    786.1405029      0.0043702
    787.9526367      0.0043390
    789.7689209      0.0043080
    791.5898438      0.0042772
    793.4144897      0.0042466
    795.2433472      0.0042163
    797.0764771      0.0041862
    798.9142456      0.0041562
    800.7557983      0.0041266
    802.6015625      0.0040971
    804.4520874      0.0040679
    806.3063965      0.0040389
    808.1649780      0.0040188
    810.0283203      0.0039903
    811.8954468      0.0039619
    813.7669678      0.0039337
    815.6431885      0.0039057
    817.5233154      0.0038779
    819.4077759      0.0038502
    821.2965698      0.0038227
    823.1901245      0.0037954
    825.0876465      0.0037683
    826.9895630      0.0037413
    828.8962402      0.0037146
    830.8069458      0.0036880
    832.7219849      0.0036616
    834.6419678      0.0036354
    836.5658569      0.0036094
    838.4942017      0.0035836
    840.4270020      0.0035580
    842.3646851      0.0035326
    844.3063965      0.0035074
    846.2525635      0.0034823
    848.2037354      0.0034647
    850.1588745      0.0034401
    852.1185913      0.0034156
    854.0832520      0.0033913
    856.0519409      0.0033671
    858.0252075      0.0033431
    860.0034790      0.0033192
    861.9858398      0.0032955
    863.9727783      0.0032719
    865.9642944      0.0032485
    867.9609375      0.0032253
    869.9616089      0.0032022
    871.9669189      0.0031793
    873.9773560      0.0031565
    875.9919434      0.0031340
    878.0111694      0.0031115
    880.0355225      0.0030893
    882.0640869      0.0030672
    884.0972900      0.0030453
    886.1351929      0.0030236
    888.1782837      0.0030020
    890.2255859      0.0029870
    892.2776489      0.0029658
    894.3348999      0.0029448
    896.3964233      0.0029238
    898.4626465      0.0029030
    900.5341797      0.0028824
    902.6099854      0.0028618
    904.6905518      0.0028414
    906.7764282      0.0028212
    908.8665771      0.0028010
    910.9616089      0.0027811
    913.0614624      0.0027612
    915.1666260      0.0027415
    917.2761230      0.0027220
    919.3905029      0.0027026
    921.5103149      0.0026833
    923.6344604      0.0026642
    925.7634888      0.0026452
    927.8979492      0.0026264
    930.0368042      0.0026077
    932.1806030      0.0025892
    934.3293457      0.0025708
    936.4835815      0.0025591
    938.6422119      0.0025410
    940.8058472      0.0025230
    942.9749756      0.0025051
    945.1486206      0.0024873
    947.3272705      0.0024696
    949.5114136      0.0024521
    951.7001343      0.0024346
    953.8938599      0.0024173
    956.0932007      0.0024001
    958.2970581      0.0023830
    960.5059814      0.0023660
    962.7200317      0.0023492
    964.9396973      0.0023324
    967.1639404      0.0023158
    969.3933105      0.0022993
    971.6283569      0.0022829
    973.8680420      0.0022666
    976.1129150      0.0022505
    978.3634033      0.0022345
    980.6186523      0.0022186
    982.8790283      0.0022073
    985.1446533      0.0021917
    987.4160156      0.0021762
    989.6920776      0.0021608
    991.9733887      0.0021454
    994.2604980      0.0021302
    996.5523071      0.0021151
    998.8494263      0.0021001
